  *** Output file from program Haz42-Post *** 													
               *** Version 1.0 ***           													
 													
 Input filename:   													
 													
Number of hazard levels =       8												
 													
 Hazard Levels:													
     AEP         RP (yr)													
	2.00E-02	50
	1.00E-02	100
	4.44E-03	225
	2.11E-03	475
	1.03E-03	975
	4.04E-04	2475
	2.01E-04	4975
	1.00E-04	10000
																									
Number of Spectral Periods =       21												
 													
  Period (sec)    Curve Number     Filename													
	0.010	1	DCPP_run_all_12x.out3
	0.020	2	DCPP_run_all_12x.out3
	0.030	3	DCPP_run_all_12x.out3
	0.050	4	DCPP_run_all_12x.out3
	0.075	5	DCPP_run_all_12x.out3
	0.100	6	DCPP_run_all_12x.out3
	0.150	7	DCPP_run_all_12x.out3
	0.200	8	DCPP_run_all_12x.out3
	0.250	9	DCPP_run_all_12x.out3
	0.300	10	DCPP_run_all_12x.out3
	0.400	11	DCPP_run_all_12x.out3
	0.500	12	DCPP_run_all_12x.out3
	0.750	13	DCPP_run_all_12x.out3
	1.000	14	DCPP_run_all_12x.out3
	1.500	15	DCPP_run_all_12x.out3
	2.000	16	DCPP_run_all_12x.out3
	3.000	17	DCPP_run_all_12x.out3
	4.000	18	DCPP_run_all_12x.out3
	5.000	19	DCPP_run_all_12x.out3
	7.500	20	DCPP_run_all_12x.out3
	10.000	21	DCPP_run_all_12x.out3
  													
 Testing Levels   :      0.02000	0.01000	0.00444	0.00211	0.00103	0.00040	0.00020	0.00010
 Return Period(yr):      50	        100	    225	    475	    975	    2475	4975	10000
        Period (sec)													
1	0.010	0.060	0.105	0.179	0.270	0.377	0.546	0.700	0.862
2	0.020	0.061	0.110	0.187	0.281	0.394	0.573	0.727	0.904
3	0.030	0.067	0.119	0.204	0.308	0.433	0.628	0.796	0.997
4	0.050	0.080	0.142	0.243	0.367	0.515	0.749	0.966	1.192
5	0.075	0.102	0.184	0.316	0.477	0.673	0.985	1.252	1.567
6	0.100	0.128	0.227	0.394	0.597	0.840	1.230	1.584	1.984
7	0.150	0.143	0.258	0.449	0.682	0.966	1.418	1.814	2.289
8	0.200	0.144	0.259	0.451	0.684	0.968	1.416	1.807	2.274
9	0.250	0.129	0.231	0.401	0.610	0.858	1.255	1.612	2.018
10	0.300	0.113	0.204	0.355	0.541	0.765	1.123	1.453	1.799
11	0.400	0.086	0.157	0.277	0.425	0.601	0.881	1.128	1.420
12	0.500	0.065	0.119	0.211	0.325	0.463	0.681	0.872	1.089
13	0.750	0.047	0.090	0.162	0.251	0.358	0.530	0.683	0.852
14	1.000	0.036	0.070	0.129	0.202	0.289	0.428	0.551	0.696
15	1.500	0.019	0.038	0.071	0.113	0.162	0.242	0.315	0.395
16	2.000	0.012	0.025	0.047	0.074	0.107	0.160	0.208	0.261
17	3.000	0.006	0.013	0.024	0.039	0.056	0.083	0.108	0.135
18	4.000	0.004	0.008	0.016	0.025	0.036	0.053	0.068	0.086
19	5.000	0.003	0.006	0.011	0.017	0.024	0.036	0.046	0.059
20	7.500	0.001	0.003	0.006	0.009	0.013	0.019	0.024	0.031
21	10.000	0.001	0.002	0.004	0.006	0.008	0.012	0.016	0.020