  *** Output file from program Haz42-Post *** 													
               *** Version 1.0 ***           													
 													
 Input filename:   													
 													
Number of hazard levels =       8												
 													
 Hazard Levels:													
     AEP         RP (yr)													
	2.00E-02	50
	1.00E-02	100
	4.44E-03	225
	2.11E-03	475
	1.03E-03	975
	4.04E-04	2475
	2.01E-04	4975
	1.00E-04	10000
 													
Number of Spectral Periods =       21												
 													
  Period (sec)    Curve Number     Filename													
	0.010	1	DCPP_run_all_12x.out3
	0.020	2	DCPP_run_all_12x.out3
	0.030	3	DCPP_run_all_12x.out3
	0.050	4	DCPP_run_all_12x.out3
	0.075	5	DCPP_run_all_12x.out3
	0.100	6	DCPP_run_all_12x.out3
	0.150	7	DCPP_run_all_12x.out3
	0.200	8	DCPP_run_all_12x.out3
	0.250	9	DCPP_run_all_12x.out3
	0.300	10	DCPP_run_all_12x.out3
	0.400	11	DCPP_run_all_12x.out3
	0.500	12	DCPP_run_all_12x.out3
	0.750	13	DCPP_run_all_12x.out3
	1.000	14	DCPP_run_all_12x.out3
	1.500	15	DCPP_run_all_12x.out3
	2.000	16	DCPP_run_all_12x.out3
	3.000	17	DCPP_run_all_12x.out3
	4.000	18	DCPP_run_all_12x.out3
	5.000	19	DCPP_run_all_12x.out3
	7.500	20	DCPP_run_all_12x.out3
	10.000	21	DCPP_run_all_12x.out3
 	
 Testing Levels   :  0.020000	0.010000	0.004444	0.002105	0.001026	0.000404	0.000201	0.000100	
 Return Period(yr):  50		100		225		475		975		2475		4975		10000		
       Period (sec)		
1	0.010	0.131541	0.193728	0.266951	0.327326	0.378158	0.435470	0.472977	0.509667
2	0.020	0.131829	0.194108	0.267142	0.326996	0.377038	0.433015	0.469438	0.504991
3	0.030	0.136582	0.200555	0.274743	0.334812	0.384485	0.439432	0.474909	0.509388
4	0.050	0.156943	0.228181	0.308112	0.370552	0.420496	0.473873	0.507507	0.539827
5	0.075	0.192195	0.275568	0.365045	0.431388	0.481705	0.532441	0.563087	0.592096
6	0.100	0.226607	0.321702	0.420891	0.491843	0.543590	0.593445	0.622559	0.649812
7	0.150	0.281362	0.402015	0.531503	0.627661	0.701125	0.775870	0.821476	0.864371
8	0.200	0.309968	0.448073	0.602501	0.722765	0.819228	0.922685	0.988254	1.050802
9	0.250	0.319802	0.467398	0.639411	0.779625	0.896894	1.028094	1.113702	1.196622
10	0.300	0.316775	0.468286	0.651921	0.808101	0.943776	1.101386	1.206959	1.310722
11	0.400	0.290226	0.437986	0.628358	0.800998	0.959703	1.154488	1.290215	1.426669
12	0.500	0.260635	0.399536	0.586301	0.763648	0.933614	1.150998	1.307125	1.466783
13	0.750	0.193075	0.305154	0.467708	0.635135	0.807836	1.045332	1.225514	1.415725
14	1.000	0.149092	0.241968	0.383610	0.537177	0.702978	0.941468	1.128888	1.331058
15	1.500	0.100349	0.168139	0.277878	0.404813	0.550039	0.771692	0.954016	1.157193
16	2.000	0.070048	0.117068	0.191215	0.274361	0.366298	0.501917	0.610276	0.729841
17	3.000	0.041318	0.068928	0.110907	0.155975	0.203359	0.269833	0.320674	0.376233
18	4.000	0.027443	0.045839	0.073022	0.101225	0.129691	0.168073	0.196402	0.227268
19	5.000	0.019286	0.032339	0.051275	0.070490	0.089339	0.114068	0.131859	0.151267
20	7.500	0.010007	0.016700	0.025831	0.034666	0.042869	0.053117	0.060140	0.067859
21	10.000	0.005853	0.009748	0.014788	0.019481	0.023658	0.028674	0.031981	0.035632
 	
Median: 	
1	0.010	***	***	***	***	***	***	***	***
2	0.020	***	***	***	***	***	***	***	***
3	0.030	***	***	***	***	***	***	***	***
4	0.050	***	***	***	***	***	***	***	***
5	0.075	***	***	***	***	***	***	***	***
6	0.100	***	***	***	***	***	***	***	***
7	0.150	***	***	***	***	***	***	***	***
8	0.200	***	***	***	***	***	***	***	***
9	0.250	***	***	***	***	***	***	***	***
10	0.300	***	***	***	***	***	***	***	***
11	0.400	***	***	***	***	***	***	***	***
12	0.500	***	***	***	***	***	***	***	***
13	0.750	***	***	***	***	***	***	***	***
14	1.000	***	***	***	***	***	***	***	***
15	1.500	***	***	***	***	***	***	***	***
16	2.000	***	***	***	***	***	***	***	***
17	3.000	***	***	***	***	***	***	***	***
18	4.000	***	***	***	***	***	***	***	***
19	5.000	***	***	***	***	***	***	***	***
20	7.500	***	***	***	***	***	***	***	***
21	10.000	***	***	***	***	***	***	***	***

Sigma: 	
1	0.010	0.578	0.572	0.567	0.563	0.562	0.560	0.560	0.559
2	0.020	0.581	0.574	0.569	0.565	0.563	0.562	0.562	0.561
3	0.030	0.589	0.582	0.576	0.572	0.570	0.568	0.567	0.567
4	0.050	0.608	0.598	0.590	0.586	0.583	0.582	0.581	0.580
5	0.075	0.623	0.612	0.603	0.598	0.595	0.594	0.593	0.592
6	0.100	0.626	0.614	0.604	0.599	0.596	0.594	0.593	0.593
7	0.150	0.616	0.604	0.594	0.588	0.585	0.583	0.582	0.581
8	0.200	0.612	0.601	0.592	0.587	0.584	0.582	0.581	0.580
9	0.250	0.615	0.606	0.599	0.595	0.592	0.591	0.590	0.589
10	0.300	0.627	0.621	0.616	0.612	0.611	0.609	0.609	0.608
11	0.400	0.645	0.641	0.638	0.636	0.635	0.635	0.634	0.634
12	0.500	0.661	0.658	0.656	0.655	0.654	0.653	0.653	0.653
13	0.750	0.692	0.690	0.689	0.688	0.688	0.687	0.687	0.687
14	1.000	0.704	0.703	0.702	0.701	0.701	0.701	0.701	0.701
15	1.500	0.710	0.709	0.709	0.709	0.709	0.708	0.708	0.708
16	2.000	0.711	0.711	0.711	0.710	0.710	0.710	0.710	0.710
17	3.000	0.711	0.711	0.711	0.711	0.711	0.711	0.711	0.711
18	4.000	0.701	0.701	0.701	0.701	0.701	0.701	0.701	0.701
19	5.000	0.702	0.702	0.702	0.702	0.702	0.702	0.702	0.702
20	7.500	0.698	0.698	0.698	0.698	0.698	0.698	0.698	0.698
21	10.000	0.687	0.687	0.687	0.687	0.687	0.687	0.687	0.687

Rho: 	
1	0.010	0.420	0.420	0.420	0.420	0.420	0.420	0.420	0.420
2	0.020	0.406	0.406	0.406	0.406	0.406	0.406	0.406	0.406
3	0.030	0.383	0.383	0.383	0.383	0.383	0.383	0.383	0.383
4	0.050	0.319	0.319	0.319	0.319	0.319	0.319	0.319	0.319
5	0.075	0.235	0.235	0.235	0.235	0.235	0.235	0.235	0.235
6	0.100	0.185	0.185	0.185	0.185	0.185	0.185	0.185	0.185
7	0.150	0.254	0.254	0.254	0.254	0.254	0.254	0.254	0.254
8	0.200	0.328	0.328	0.328	0.328	0.328	0.328	0.328	0.328
9	0.250	0.390	0.390	0.390	0.390	0.390	0.390	0.390	0.390
10	0.300	0.444	0.444	0.444	0.444	0.444	0.444	0.444	0.444
11	0.400	0.535	0.535	0.535	0.535	0.535	0.535	0.535	0.535
12	0.500	0.609	0.609	0.609	0.609	0.609	0.609	0.609	0.609
13	0.750	0.749	0.749	0.749	0.749	0.749	0.749	0.749	0.749
14	1.000	0.852	0.852	0.852	0.852	0.852	0.852	0.852	0.852
15	1.500	1.000	1.000	1.000	1.000	1.000	1.000	1.000	1.000
16	2.000	0.895	0.895	0.895	0.895	0.895	0.895	0.895	0.895
17	3.000	0.749	0.749	0.749	0.749	0.749	0.749	0.749	0.749
18	4.000	0.649	0.649	0.649	0.649	0.649	0.649	0.649	0.649
19	5.000	0.573	0.573	0.573	0.573	0.573	0.573	0.573	0.573
20	7.500	0.444	0.444	0.444	0.444	0.444	0.444	0.444	0.444
21	10.000	0.360	0.360	0.360	0.360	0.360	0.360	0.360	0.360
