  *** Output file from program Haz42-Post *** 													
               *** Version 1.0 ***           													
 													
 Input filename:   													
 													
Number of hazard levels =       8												
 													
 Hazard Levels:													
     AEP         RP (yr)													
	2.00E-02	50
	1.00E-02	100
	4.44E-03	225
	2.11E-03	475
	1.03E-03	975
	4.04E-04	2475
	2.01E-04	4975
	1.00E-04	10000
																									
Number of Spectral Periods =       21												
 													
  Period (sec)    Curve Number     Filename													
	0.010	1	DCPP_run_all_12x.out3
	0.020	2	DCPP_run_all_12x.out3
	0.030	3	DCPP_run_all_12x.out3
	0.050	4	DCPP_run_all_12x.out3
	0.075	5	DCPP_run_all_12x.out3
	0.100	6	DCPP_run_all_12x.out3
	0.150	7	DCPP_run_all_12x.out3
	0.200	8	DCPP_run_all_12x.out3
	0.250	9	DCPP_run_all_12x.out3
	0.300	10	DCPP_run_all_12x.out3
	0.400	11	DCPP_run_all_12x.out3
	0.500	12	DCPP_run_all_12x.out3
	0.750	13	DCPP_run_all_12x.out3
	1.000	14	DCPP_run_all_12x.out3
	1.500	15	DCPP_run_all_12x.out3
	2.000	16	DCPP_run_all_12x.out3
	3.000	17	DCPP_run_all_12x.out3
	4.000	18	DCPP_run_all_12x.out3
	5.000	19	DCPP_run_all_12x.out3
	7.500	20	DCPP_run_all_12x.out3
	10.000	21	DCPP_run_all_12x.out3
  													
 Testing Levels   :  0.020000	0.010000	0.004444	0.002105	0.001026	0.000404	0.000201	0.000100	
 Return Period(yr):  50		100		225		475		975		2475		4975		10000		
        Period (sec)													
1	0.010	0.170654	0.258610	0.380333	0.509500	0.650270	0.840563	1.011434	1.165743
2	0.020	0.172015	0.260798	0.384739	0.513702	0.648166	0.851129	1.001623	1.178721
3	0.030	0.180801	0.274428	0.403154	0.535696	0.683738	0.888972	1.055632	1.227855
4	0.050	0.213528	0.322910	0.474999	0.639684	0.804062	1.054792	1.255300	1.486373
5	0.075	0.271831	0.409347	0.597983	0.794713	1.016646	1.327814	1.588946	1.866434
6	0.100	0.323129	0.483327	0.705002	0.942325	1.183601	1.553012	1.844894	2.191289
7	0.150	0.391082	0.584205	0.847550	1.123209	1.430869	1.837270	2.204234	2.537332
8	0.200	0.415259	0.626689	0.918423	1.219729	1.556252	2.028659	2.404496	2.799133
9	0.250	0.411254	0.626987	0.930836	1.248704	1.603263	2.125687	2.523627	2.976540
10	0.300	0.394282	0.606628	0.911757	1.237223	1.602885	2.149379	2.569117	3.058966
11	0.400	0.346115	0.541057	0.828744	1.145843	1.508464	2.029393	2.461165	2.939353
12	0.500	0.304756	0.480969	0.744962	1.042924	1.372867	1.851164	2.272089	2.688853
13	0.750	0.215785	0.347445	0.550654	0.784313	1.048426	1.431307	1.762006	2.106046
14	1.000	0.159295	0.261541	0.423263	0.607603	0.817817	1.137453	1.394948	1.692674
15	1.500	0.100349	0.168139	0.277878	0.404813	0.550039	0.771692	0.954016	1.157193
16	2.000	0.070173	0.120125	0.202720	0.298107	0.405588	0.569937	0.716393	0.859415
17	3.000	0.041752	0.074516	0.128529	0.192829	0.267989	0.381798	0.474241	0.586001
18	4.000	0.028230	0.051998	0.091945	0.139899	0.195622	0.281269	0.354825	0.435117
19	5.000	0.020100	0.038105	0.069134	0.107005	0.151370	0.220200	0.281896	0.346802
20	7.500	0.010681	0.020749	0.038909	0.061801	0.088809	0.131958	0.170091	0.215497
21	10.000	0.006473	0.012803	0.024262	0.039109	0.057061	0.086100	0.112116	0.143078
